# This file may be used to create an environment using:
# $ conda create --name <env> --file <this file>
# platform: win-64
# created-by: conda 25.7.0
annotated-types=0.6.0=py311haa95532_0
anyio=4.7.0=py311haa95532_0
brotlicffi=1.0.9.2=py311h5da7b33_1
bzip2=1.0.8=h2bbff1b_6
ca-certificates=2025.7.15=haa95532_0
certifi=2025.8.3=py311haa95532_0
cffi=1.17.1=py311h827c3e9_1
charset-normalizer=3.3.2=pyhd3eb1b0_0
click=8.2.1=py311haa95532_0
colorama=0.4.6=py311haa95532_0
expat=2.7.1=h8ddb27b_0
fastapi=0.112.2=py311haa95532_0
greenlet=3.1.1=py311h5da7b33_0
h11=0.16.0=py311haa95532_0
httpcore=1.0.9=py311haa95532_0
httpx=0.28.1=py311haa95532_0
idna=3.7=py311haa95532_0
jsonpatch=1.33=py311haa95532_1
jsonpointer=3.0.0=py311haa95532_0
langchain=0.3.25=py311haa95532_0
langchain-core=0.3.58=py311haa95532_0
langchain-text-splitters=0.3.8=py311haa95532_0
langsmith=0.3.39=py311haa95532_0
libffi=3.4.4=hd77b12b_1
lz4-c=1.9.4=h2bbff1b_1
openssl=3.0.17=h35632f6_0
orjson=3.10.14=py311h636fa0f_0
packaging=24.2=py311haa95532_0
pip=25.1=pyhc872135_2
pycparser=2.21=pyhd3eb1b0_0
pydantic=2.11.7=py311haa95532_0
pydantic-core=2.33.2=py311h215eeae_0
pysocks=1.7.1=py311haa95532_0
python=3.11.13=h981015d_0
python-multipart=0.0.20=py311haa95532_0
pyyaml=6.0.2=py311h827c3e9_0
redis=3.5.3=pyhd3eb1b0_0
requests=2.32.4=py311haa95532_0
requests-toolbelt=1.0.0=py311haa95532_0
setuptools=78.1.1=py311haa95532_0
sniffio=1.3.0=py311haa95532_0
sqlalchemy=2.0.41=py311h54f65d0_0
sqlite=3.50.2=hda9a48d_1
starlette=0.38.2=py311haa95532_0
tenacity=9.0.0=py311haa95532_0
tk=8.6.15=hf199647_0
typing-extensions=4.12.2=py311haa95532_0
typing-inspection=0.4.0=py311haa95532_0
typing_extensions=4.12.2=py311haa95532_0
tzdata=2025b=h04d1e81_0
ucrt=10.0.22621.0=haa95532_0
urllib3=2.5.0=py311haa95532_0
uvicorn=0.35.0=py311haa95532_0
vc=14.3=h2df5915_10
vc14_runtime=14.44.35208=h4927774_10
vs2015_runtime=14.44.35208=ha6b5a95_10
wheel=0.45.1=py311haa95532_0
win_inet_pton=1.1.0=py311haa95532_0
xz=5.6.4=h4754444_1
yaml=0.2.5=he774522_0
zlib=1.2.13=h8cc25b3_1
zstandard=0.23.0=py311h4fc1ca9_1
zstd=1.5.6=h8880b57_0

dotenv~=0.9.9
python-dotenv~=1.1.1
langchain~=0.3.27
uvicorn~=0.35.0
fastapi~=0.112.2